
# Please make this file available to others
# by sending it to <lirc@bartelmus.de>
#
# this config file was automatically generated
# using lirc-0.9.0-pre1(default) on Sun Nov 13 15:55:42 2016
#
# contributed by 
#
# brand:                       myonkyo
# model no. of remote control: 
# devices being controlled by this remote:
#

begin remote

  name  myonkyo
  flags RAW_CODES|CONST_LENGTH
  eps            30
  aeps          100

  repeat       8957  2230
  gap          107222

      begin raw_codes

          name KEY_VOLUMEUP
             9000    4450     600     500     600    1650
              600     500     600     500     650    1600
              600     500     650    1600     600    1650
              600    1600     650     500     600    1600
              650    1600     600     500     650    1600
              600    1650     600     500     600     500
              650    1600     600     500     650     500
              600     500     600     500     600     550
              600     500     600    1650     600     500
              600    1650     600    1600     600    1650
              600    1650     600    1600     600    1650
              600

          name KEY_VOLUMEDOWN
             9000    4400     650     500     600    1600
              650     500     600     500     600    1650
              600     500     600    1650     600    1600
              650    1600     600     500     650    1600
              600    1650     600     500     600    1650
              600    1600     650     500     600    1600
              650    1600     600     500     650     500
              600     500     600     500     600     550
              600     500     600     500     600     550
              600    1600     600    1650     600    1650
              600    1600     600    1650     600    1650
              600

          name KEY_DVD
             9000    4400     650     500     600    1600
              650     450     650     500     600    1650
              600     500     600    1650     600    1600
              650     450     650     500     600    1650
              600    1600     650     450     650    1600
              650    1600     600     500     650     450
              650     500     600    1650     600    1600
              600     500     650     500     600     500
              600    1650     600    1600     650    1600
              600     500     650     500     600    1600
              600    1650     600    1650     600     500
              600

          name KEY_F1
             9000    4400     650     500     600    1600
              650     500     600     500     600    1650
              600     500     600    1650     600    1600
              650     500     600     500     600    1650
              600    1600     650     500     600    1600
              650    1600     600     500     650     500
              600     500     600    1650     600    1600
              600     550     600     500     600     500
              600    1650     600    1650     600    1600
              600     550     600     500     600    1650
              600    1600     600    1650     600     500
              600

          name KEY_F2
             9000    4400     600     500     650    1600
              600     500     650     450     650    1600
              650     450     650    1600     650    1600
              600    1600     650     500     600    1600
              650    1600     650     450     650    1600
              650    1600     600     500     600     500
              650    1600     600    1650     600    1600
              650     500     600     500     600     500
              650     500     600    1600     600     550
              600     500     600     500     600    1650
              600    1650     600    1600     600    1650
              600

          name KEY_F3
             9000    4400     650     450     650    1600
              600     500     650     500     600    1600
              650     500     600    1600     650    1600
              600    1650     600     500     600    1650
              600    1600     650     500     600    1600
              650    1600     600     500     650    1600
              600    1650     600    1600     600    1650
              600     500     600     550     600     500
              600     500     600     500     650     500
              600     500     600     500     600    1650
              600    1650     600    1600     600    1650
              600

          name KEY_F4
             8950    4450     600     500     650    1600
              600     500     650     450     650    1600
              650     450     650    1600     600    1650
              600    1600     650     500     600    1600
              650    1600     600     500     650    1600
              600    1650     600     500     600    1650
              600     500     600    1650     600    1600
              650     500     600     500     600     500
              600     550     600     500     600    1650
              600     500     600     500     600    1650
              600    1650     600    1600     600    1650
              600

          name KEY_F5
             9000    4400     650     450     650    1600
              650     450     650     500     600    1600
              650     500     600    1600     650    1600
              650    1600     600     500     650    1600
              600    1600     650     500     600    1600
              650    1600     600     500     650     500
              600     500     600    1650     600    1600
              650    1600     600     500     650     500
              600    1600     600    1650     600    1650
              600     500     600     500     600     550
              600    1600     600    1650     600     500
              600

          name KEY_F6
             8950    4450     600     500     600    1650
              600     500     600     500     650    1600
              600     500     650    1600     600    1650
              600    1600     650     500     600    1600
              650    1600     600     500     650    1600
              600    1650     600     500     600    1650
              600    1600     600    1650     600    1650
              600    1600     600     500     650     500
              600    1600     650     500     600     500
              600     500     600     550     600     500
              600    1650     600    1600     600     550
              600

          name KEY_F7
             9000    4400     650     450     650    1600
              650     450     650     500     600    1600
              650     500     600    1600     650    1600
              600    1650     600     500     600    1650
              600    1600     650     500     600    1600
              650    1600     600     500     650    1600
              600    1650     600    1600     650     500
              600     500     600     500     600    1650
              600     500     600     550     600     500
              600     500     600    1650     600    1650
              600    1600     600     550     600    1600
              600

          name KEY_F8
             9000    4400     650     450     650    1600
              600     500     650     500     600    1600
              650     500     600    1600     650    1600
              600    1650     600     500     600    1650
              600    1600     650     500     600    1600
              650    1600     600     500     650     500
              600    1600     650    1600     600     500
              600     550     600     500     600    1650
              600     500     600    1650     600     500
              600     500     600    1650     600    1650
              600    1600     600     550     600    1600
              600

          name KEY_POWER
             9000    4400     650     450     650    1600
              650     450     650     500     600    1600
              650     500     600    1600     650    1600
              650     450     650     500     600    1600
              650    1600     600     500     650    1600
              600    1650     600     500     600    1650
              600    1600     650     500     600    1600
              650     500     600     500     600    1650
              600    1600     600     550     600     500
              600    1650     600     500     600    1650
              600    1600     600     550     600     500
              600

      end raw_codes

end remote
